NReinasN:
[0.0, 0.0, 0.001001596450805664, 0.0, 0.004998445510864258, 0.001999378204345703, 0.0069980621337890625, 0.004002094268798828, 0.028998851776123047, 0.014000177383422852, 0.2609989643096924, 0.21699857711791992, 1.7889978885650635, 1.056999683380127, 9.115998029708862, 0.6249983310699463, 54.15700578689575, 2.5809977054595947, 569.3972027301788]
[]
[]
NReinasNN:
[0.0, 0.0, 0.0009999275207519531, 0.0, 0.008999824523925781, 0.003998517990112305, 0.012002229690551758, 0.006997346878051758, 0.041018009185791016, 0.017998933792114258, 0.39300012588500977, 0.3229970932006836, 2.677995443344116, 1.6149992942810059, 13.948997259140015, 0.9549975395202637, 83.28399729728699, 3.9170007705688477, 873.6389403343201]
[]
[]



x = [4, 5, 6, 7, 8, 9,10,11,12,13,14,15,16,17,18,19,20,21,22]